$ANSIBLE_VAULT;1.1;AES256
63366266633464633761373134643430383433343462306262346637653132386535373265653937
3465626366633164623633326233343862383539343161630a636333373431373937383233336435
32303936653964386366303665623264356635663032623762313637343737383633306434613938
6261653464653565380a383534633239323936333066633065626461613732323865363638336138
34646638356132376431616139343237633761643330336266633331383230636635393866343838
66666131316232326162653463636136666431646638663361376238393536373833383630303730
64343663393466633739636661373261666133656632663761323361353134653165663531333464
38346235636339343330663565656263383965396539373139643862333430336131643362613636
35366436643636623734326438396439353834336262396232616262623336363535613738623336
33336539336230393737356265326535373637376435333137643230383433346262366562383138
34663761303362646462303734653438326137306462346630313133306231363531303838383666
37623461383439613866356263356539373937303439353034323830346561626238333365313834
61326239646131656565353331333431313639316238333861303564373434346436626634336536
63663739643239336333636564383563666439616161326132356634666230353030666465613165
36636635363964373364613931653666356432326565336135306434376137626231326462393034
64363634366538656133306239626438323064396334336663653334336564353364303034383938
34366561353364383834353761396639333734663161303439613064303238663139303236383665
66346365643130633062616430613865623538633630626439366463366639353034353264643036
34646134656432343761303065663561646638373439303264643030656361393862626462333032
36393033636435303234393762363130303132306461343337353131383038396466626131383866
64303535643961353735373235386166613939653130616462656533336533346436616264393463
37353733313835353061616563376431343165626138666431333938663665303032323064316535
36643531316163336435353731353264396135386137643166303264616437323134356239653765
64373136303833363737363334636666383037373331646139306562393366633863643039623932
63663365343461393139643130663337393037363731636337333630343034303065353637613166
64303261353338656537656261386161633034646535363365646639303162303738333063643635
63643732303064346430656639396331353030303230306238396435653738636133343262316333
64396430666334326435333264333964393134653765653035323363386138303033316631333266
38663638303433326339613364333864373735653166653462626165643161336335373935656330
61303630633461643537316130373465666365376434316465373262623962353730613435616263
30323234343333643064616236373862353637633331613230623138346232616136376365376436
31616662363665306434393762666563633731643066323262666636623030333438663462333939
32316262373330313163313636663965656631636331643131643263336166353863613664303866
38663934326664353433623762356135333530306231343431373538626131343666343861343836
37376636616239386437613061303961393831613439363464646631316563306639336639396633
32393965343231616664323339616339326263656530346231636264646465346437363534326335
33383236336437653234356539613162343536663432633137373136333335313837623865383862
36396361643762383564653432643838303364653235333732306333393562373130326631316335
31626366356638643263626337643361396562613062313732666532623334396436393034383362
37383364653661373230363864306634636531363563326637393931333630303263303366303337
32653631303830323463316238383339623062633038393234323734383830323230336565353133
32343433653032383837376530323830643061613866303365613362643939613839623534313830
31653963313138333738323530346132313833393432393433623933363533333731613062376662
30383637373666336566353065363666323266316664343763626166636535616635653363386138
37653430363965353464646430313466623235343836313136373931363333613436643566626432
33366661396163393861383035653338616239623438313236653337616265373262313434363731
32656532346465393430343134653265343330383738653963343936653430663635376639346137
64636437613430303362323931613437343935303966376637396434646363636436306461313463
63383036633264323836326362363836623439316136313464393536373039646630333837623165
32666466326566333432616430326335376365376235663839393730616139316134636565616530
36333832343363323761313232643563663031326230313438383331396433363965363438316332
35356166636164613032303334313963376465646236363634633836393231633531376536646161
37646232316366393631666465346363366332316434336665343164316630393035323663373039
63636433306231656637393039313265373366643138383364336339393337356534623164633863
65353430336238343363346330303464663339386333653333396365353931643838666463636163
65383863366633613932663430623131623930626238613331353563313764346234646533393365
63343236336433643033623430346437303334376338353832386263636663336330366537336666
32343163626465396133623562343566313636356439666239363833366666316533376166633636
35656361656361643530666361663264383635306531346565356431666466323364623934633161
34633838363266313565616536346361363962323061393264373566623866643631653364616338
30393865353563663333643766333538306366616463356332646236623835313063383531323434
32643962383666333236356137383932323162623166343936376637653762626438346231336430
61363735383035656130336534643234396161646333396666366265373235633134306364323634
65363330663136663831333136633165623366363662316434653432396138663030663534656162
39313935663461373635353038363130366337366661336333306466393237653336343435333835
66353933386434303132613962313533383138616539383461633365343465373532343233356134
30353861643632643261376539663230393339316133626533336234633462663439646561306337
63323463643032303366626431653138396337336234623232313964306461656338613033373338
30393266316161356162333331373132376636393736316532373234393736643635653461383932
30323331653235626263313765386636633863303035356263343033323734343937636535323766
38343964373236303137326532666633643963343465616666643234393565623331383364636630
65616265663263623562663839623964663134646562613335383134393837393630363931633738
32653839633933616638343262356637663330306166303539656461386461633332613730666161
30316364363435383639626662353132303563383162336431623039373633323835346166633430
33343434303932626165636332653861376636386131343935363330653039306163653938323961
61386631386438336436663530393132356336306233343337643131323065353165363736636639
30393133653766636363346465633862326664313366373563336533346330643165393339643463
33323031316137373264613462616466373937376334383230353636353734336539376464656366
30373933353237616563633565643661646466623065303839376635353865353131396664656137
37643863626538376261376338353234396566633334343538336633323566373261636339633637
61623833316332333834626534363764613964303831626664613065646264623235393039383439
34396536386362393862366636383162313166316636316333336230353134346262636433336234
32636339326130316333636238363465383734366162393034666566343663303161623834643831
32666130353839613135643362303639373138626332633839346533346433656465393633336430
65613837313233343962623537613234643936373262643462313166323632393235346466366531
62356464393932343831396263383664393465386161333130333964663831663735383831326564
61663761306562633139306632303638636262623038623131353735336436323337613366646238
61303932646164643965636666346239326632393461336461633536323035663863623834323163
38336339633831636439316234306365333232646463623361363735363439356132313235626338
66373165356436303731383830653962636432353030626465613265643465643339666635646162
37343330383430386366646133333463373336353831313731353134343061343834356262386536
34346136353135346466376631353766656561636234656333373337313563643239343561316137
30383361373732343030326630343130626164346264633566396138303333383639363866616664
63623066396662626439323465343261613733363632333464326562363436643432643461623032
32666137343334363664323234356131336363333561643032336239323135643166643634343735
65656463303036373930326666383138363161623235656439613233643662323631313364393862
66333733346663323661353764643935623038373466373132383230663662346332373130373433
61346666373639366337353331633936366664626562333535316561646566383038343666626365
33363433323731626536383332633831333539666436623566623163653364396638353765613563
66656134643438323133666232303437383365636136653665363461393536353839353064616662
35656230313539653533396661396165643034666561303334346236376530356237393166356537
33643233613633383234396431393832316336623636616465646264623236633362356630646435
66656431306364393435626236646338633063323735626531383337363466343430306534626266
66306666643234653031306537613737653861303934373439636366663234323162643363623463
33623532326662613536313336643534666331626337666335643431623530353834646335333138
30356437646465316139636239663664343736386633333738613361623131363230393166646565
65653932323262643431633238633166623035363065343630633933626437393965393230613962
62663139623634326165333635663634303066353462353265383839633961313737346636356137
30313931646561356163356234316133396130663431613132363361356331383932353933363433
39613964376536313534653964363163623337383839343733376561333634396466663762643164
33386639613232396263346532633237393734363335366562376231373066383663363466343464
63316464306364323062623665333331373636363830626232636265616339396330343539663966
37323037373736373336393062333666393236633066613162666530383032373761663736633130
38313538306138303031373964363163313265613632303933643439656261366463616238353432
33653562303337396661666534363536336562313438383065646339656666636338343739323965
65616532643931346162326664323531336366343136653435326335613461653633333030383039
32326666656262636362386634636164343433333032306665333032333634386466623833633365
34313435396339313037313734623235383630663436626136356139366635313634383464643366
31363638306330336239333738303232323034386531643066616364336162613161646331383166
32393235633130626139353733326134353864386238613830623438363762316461613938643262
32306134353266366631396564366465323264343635636638353237326533333261313062303236
33306463366131313037323466343939323236303533666338646630306466353939613537346566
36626461646561623230363632316136333963303630336433613235343561376235333565323331
65636163366433396332643361343633616666326536366432323264313237323937323332356632
30373831636339373965653035633466346337343863616236633362353537613865336166663635
62346235636261616566336563396233626665646466376537623863656662666364636230346631
34653661666366626332356264363065303236653130366238336263333766363766353264373561
39653231363466363431633161386338373164353038656130613564356232663563373835306563
37376161313430353735643461393165636266353438613238656531663630373935363837643930
36623938626364303039346162383634346134373234626561663330643331386339383166663363
35643666333132633030613764666630346364616438633763303465393834336135613838663664
63366565373961396562333966616463666339383930333232393438653034343466346630643532
35396362383166653963666665626265653531626133623836646261333233613336633036643261
64623531623530383964326535343431343561633364663363653565643665663331643937396262
65343163356631303162336363383863643135306132653030326531336263336463613664623339
35363131326434666565393436636335616238623864333830353234646461353331323334393938
35613361636235613865313730373333313637396266623461366464636566346538313736626332
39636366393439393564333436626239653538346331393034376236626330323331363932386534
37623362623635373030626365626636666134363863353661663232313535396537333638646131
62346135333431363361356436363661333364383433646633386232333137323662666364616633
31626266343463386435333937383935653261653738653631666434313565613036643636636162
38356336313062653836363437303032313336303835313230336630393633656131643465323861
35633035613365343765393835643433643538613032383633623030636261633039626435616462
66363534323134346531393066373661653833323663343131316333313862356533666431663631
61333335313838616139353832653063333438613630633031646262356334393835323330326164
37613961633461386239353463613739336566393164363938323365306238353966613464306262
63623735316235323532393336303466303933386139353134646536633064353834616238663462
62623231643332343464386533333234613963393038633363613133633432656164623233353430
31613333323163653136376162376133363531393662346333626163653234643964343534623966
63313466353339376633613836306134646533636330616633343663323733633432366161663361
65306433343731366462366433653266346336383533373738373765336130656364363439393461
39383564366632626264363763323634643431313530383434366131396361306634353165663232
38386163353963393139383332346232303161326538393739633632316438366638346135323961
35663564646634393862613231303938383034643733643162316661323261306232383737633963
30633930616630626364393966653764373462383332316661633366623137646531313234383766
62383535643934373137386138363039313264316130353731656233393261326366653338313463
39313238333066353665303065346332363139336535653264336337353736616633656236633437
35333634373231613464306432353066663738333163653061666664646237613930366363363132
62303333316364306135396561323865656130343734366164656136656238636438376165316665
35663231353736323832346633356638383865313532333632396534626136393636613836616465
35376335353431313536613833613964643631363439613934373865313539393166626661353561
62333135393265303761653537306363386662366664356462396466656633643431303164393439
61383063303934376230343464306536353937356531626539663334326334653138633137383665
39323235616633316665396335353434313633366633383462626161336263393939313133393636
33346136663138313465613561333564333066363262326535346234313431636134636563643533
30373330653634376334633730386539383438643535363361343136346634616638646338393633
37633537346362343536626165623763623439663633356336313935393463333364653039306239
33633564326161653835393566663066373732386336336665393930613566633437313836373564
37656331386264316263376131366631383662623237626539386438633035666162323332393931
37663637623039396137356632333062626362383837633762623839633631353266333565633631
39613366656532646431356635656531353163376664616236653233376437336235346663323537
35356562346435363536333630393733323735363739616462366165653638643433363632303134
34323965306564306266316666316537306135353362333738633533373330613665
