$ANSIBLE_VAULT;1.1;AES256
66623530326130633632653235326139313438393836313032363762343634353435363966333631
3463646539353532613236306339353865316533613430620a336434326332613030323864313434
66366332656632376662376332623264396230636363303835643834336461343033396637623633
6636633334363065350a326133383264653838616432646664366138313864323861346136316266
61393132363863356138393238376466353164333134626136643966646635323930613462326634
63653261646665383334326339373233313563633961616439336137633864343734303833323261
62656335656137616661616163393965666430366366363133666535313731653061366430346134
34353830636232376333663535323366393166383633623930643032326335663765313736613866
33393133303330666430336331356531653731306536613738363239613234646235313439303863
33663636303165666433623733386462316463333566646663353839656162643237643231656330
31333063336566633464323934363566613833363734643066653630386430626561353663663431
61623861666333323763313235376139303539623130333435616566373161393338396263373738
36656435626166663764646565643731366532353433336562653633346565303839646538306466
35373962363465663132633636323739396531626638306161323030643062396163383438303862
32313330646431636231653333613666393862363466383663316263616135616466643663633562
64363066333433636261313064363166373164306362303632376262633866626134383737393961
61663538303665303066633334363536363130623638306562636637366161613437653139393365
61356332646635386332396133383236646534303964616337356161356138313265623165633138
66396665383830653038616637366633663330353165663936306364353335356261653937363863
31643862316165663535336235366564663262303636653738343766646336663864353564346232
31373739393232623061366530313039386439396331376138633666303836626630336430326537
30346636633431656363316161396439393838363330643034373733313733366339323138346132
33353839326231653363376331336162623930333465656331333938323337393766653633663030
35343566626334383365363665666337613539393038363065393764656362653366666334306439
38626636393365313636353231653430383130326530636235393262616263306531386238386564
66363939383438623561626462343236346132363034336562316133623066343230333134623834
64363165353438666634393937313637666535303662353263666136333265323438653437666263
62343939383664343461326437613661326138656633323264393133646235396238346332316561
37313565376337626332653034363031343964343534363163646539333164363234376336636262
31383034646636373062656165363462343336393232636635643462656431326261646637393066
39353137653838616165376337636466656162333739666336656264323262353637643231343564
61373363316439613261643864656537343331376161343839393831383030333461623362356337
61366664383433383466636331666565323737313734356434663762313763306630383034616565
38336633343736373764366233656465613835323565366232343939346332393634636639656666
63623165633738636463363033613565313134313035306464336333626530303432316436383031
35376532303862666465306362633462663639333865306537313762356134343261656665616236
63643665656666636639326265663266346564343038613537366661633034316633633339633636
36323237396537626462663964303339626662636162363332303436303736373935323865643961
39343335613361643035633234366430353265643231396535376530623133353333393039313830
33333866646439656433643537616536626234363535323439663733356162613665303534643736
35626633333637613333373764313230353436666132336332366636356138363734613234393534
35633864313066363837313233376266643731323766616435653766613032643130346336373263
31356564373735633162373932636134613639613937613532656236346336316637313338316661
37613435373065323462656636383261613665613937623966323364353134313462343466373032
62396536646633363739323532663230306666333363663739616634333535653564393336663430
31623937316533373231313135373936383265643563363039343565393132666464336665313933
36373434376432313533353764663863306666393137616133343962633739363831643535336333
32666365373633376430333563383430356134643164333930333461316462323739333533393933
37613965643236383337303234633538623736343334666665326230326338663862653733636235
61636235316462383864326163653731616339336265666530303431306436383033303331306363
65613437613863613062323266373363626261653036366332326362366232613865356532633435
66386162373435343733663564636436393034366535343632363137343037653630333230653562
33613461633166393930366639336666633232323766643164643137626133323766383265306438
34633662653737303334393963383662353532333831373936626262326536313732646131363935
66326666343363663339623564633130656563643761353031393763326263373064613633613162
61643064363534323235353037663533343863626532656132626530303536346432613539633730
30393733343638633437353961303235646637663462396134396665316566653061386663313061
32613533656132326232393132363863333433396539383033393637373830336233303531643762
65626662333563323837343638666133346163636165356166373738333130643039363536643663
66323964346564323861363932303235636635373434303438613336626432376635383533396362
62396634383139356338356563306437333731343962623361663336376561323839663630663734
33396334366530633137346532633965353435383266616161343466613339323636366439653339
30633461643864633037353430373461333533623335363765383162636566653864366166323932
39346231353264663334363734336662333537323431306433613066353466356435333036353064
33626639643938346365316461343932336439623662393764333365366437306338363231323762
39643136316232613665636533396263346230633538643632316235373762353964633663663032
30386630626238393136643934373561653931353865303230633937643965326433353535363266
39366534656365393461366339313164306535353565313138306361636462333030666237656434
33656537626431646463356663653564653335666163373666333033353661313663353762353439
64316663383133303530386262323864303262383639323263656336666262636531306364353563
61633663383533323465646338353335333032303935643336336236323333356132616337333931
32393764656435313361666362346435306335363465313238313461613763363538326636316164
62323165396332343963383638336262383964333166623666353333383765313861666237393333
32316461656166323131323838333661316431636461366164346334656630636437323033303631
39623038343830653065626266353130336535336331306365343565643130386635363930396266
61366663313137616332653264313263386630313765333538643130386239653561633836343934
38366465303330366130366562353830623161623462323332383539623561393330666436323037
39366136393231643739663035623137393735386138333238323661313933633266393166346366
64616265376438306138313961616533323465363935633361386333363931376561633661656235
35323936376137626438353739633432316135306432313762383530633033666138363835656234
37376261313637656633613465303562643061646461333435323164623563656636633264666130
37313936623738633630313161313761343166626666343231666536303639326564326634386234
66636262623338656534626437663261343762313065646337663533623361656634666462306431
66623664333466333231313165643036306639623830646530313064373639373535393239316563
35393837326430383766366665316665366665373266383130393561613737633761333563326432
63376634356138303138343634356531333936383035646133333362633530626566356633373638
30646533663132623439323066653662313535653665383739306462343464386332323964373335
31393766353132353636313463313961666430663730333539643331663533643434326461663863
39653235346632346231333861313866616465313663383337613931353335303066633261656166
34396465303435313739323064633664353532353765363662333164643764353333306361613563
65623234616335633461316462333333333631376264383166346166663436363335313637386265
32626432333738633131323031343631656431303666626633613334346233646564633761383264
38373734333136303838363739646662346165623164303364326531333135613937663563663166
65663430383834303063376534633638656338646665616437613361353832396362383039653164
63616665616535656439613866326131353632626163666364353330306262366330373861346333
38626462613736626364393164666432626464626134653031353137356431623030323932346335
33313037346537616239643431636363363066326134643963396261393333363366613834356538
32666330373732373934353635396632383635383166326633656234616639343139383238303930
32396530613833616664376166303533623865313866356538366466663937616463363163643734
32623566646433333533653366326236633134663663353535616139383430373232616361343161
64376639383663336237303930336264306232363261336136353830323361343530353864343331
64653731663663373633633162303864336536313933333732356635306663663830393762316162
39316533363865333665373066373232366666333636373263666337633332383337636439336664
61356633656334663433623363333562663339316339386562326536396139303033643262393133
36613235333563643634643930653966346438623938303437383534613139356431653364383534
33636339363565623134376134386531313366303933353331616439313363393732663330656563
34623162353237663839313934643065346636393231343535616330376362646465373639306135
32623963316538373133633434393937313633653138343865616466666265656236346164653666
36626665383766366438616231373230326535376330383264373265373436663062386133386365
37393336653731353563323333396561646563626566373532643338643735643433383762646139
36353636383930653163613933633739383261656433303535393536363966396132396636313566
66333534643466383230313136663933326664643362303065306634393739336436323336623639
39653862666332303462623363643463353430643366313832646436653134353830326262393538
32653365366366633631383563663064623832656334646462363162646161383361373039333762
35616237376234306535373330363539613963353438343736646539333736616434333837656166
34656639336537633938336266396233656431393136396466633537616536353066363961393034
36653361366265623636363965396466623566346335366264353430303561333832656231346363
35356462313438323864306538333839383436343662393962366564623731333864363135653263
31376334653062346164633533616262636234383665393763393739376133393137623466366534
35623037316361323130656334326330356465653738663063636665653762396531376237343539
36633935346366653862626161353362316634626638633566376537666538396661313162363064
37343565313139613432303732623462663133333935616166663562383638343765646665663565
37333465633034373565353130303662656232386135393738373636643832333161303765323638
32613964623034643239636631386266313639393637353636616631363434643331373363363632
30336132386534623338346331326437616461356434356139383263646632366132643337306264
39393631663433356439656264393433316161376165653735356162323135306664653261646334
37313434363861623261363839393265313164653838326538646362333136663436623835333838
39653665393764376633613133373336383635623933633835653637313866633035666336623465
39633362383165336636326465656435303830353762336439366237653962303761336537613331
38626164646161306363666231623537666432343432663165356431393061353634316362316239
63326536336465656464643230643365653237363465313339303361363531633336636336353437
32333330343035326461626239303363373936333362663130373039323061316164633435343437
33646563626662633330353030373963373563353536366161313832393563336264323930373064
6331386439343932663931346565313835653233666430633334
