$ANSIBLE_VAULT;1.1;AES256
32663337363939353066373361333266626135323035376430666537313439656262616264363538
3630663839393531333337383832343534616563316530380a663063336432646563633934386233
31353763346230376634353261613566383264373630386466363163633933396231666561643865
6432353963633137330a663731396433383339313531323839333033373439393532326131386238
64313134646434356334306438383138613332396430316361616531326330306539633438663064
62373462376266653833306130643064393333346561316366393835643365353331353235633034
64613862396463656635363935393065376366366530613834343538643165326235343038313936
61626366633930356566363765373162663638613630653935656534323336653538313265376437
63333762333331616530626634653135633936633034343231656238373262323364633838363662
38366364356364306438323534623935313933666137646362336165643835353339623934376563
39353438653164336238393466623336333035366533373038336436313263393265666263363264
62303533643166326262373766313862626132363838303564346436663530666361666462613136
63396664376363363765313861656638626437343661303363656135666461323038663234313534
62396333383739363164623531386361393130653336656663363731363463313930366234366564
37393363353764393163363935356661383862363361613532633738383462366330653737326231
37343039383435646338363361363936306638303438633035386263343766363630663561313434
30313963343138386131643035306363376337643365643761643431313832346633366437656164
61653537313534356337643538363265316565643335303234353938323661643765356230303830
61393465623135393033663535636531356139323163323234396164323162333132386339343636
38636666383136393938653035343439616161383632383032386636633236393539336236636165
61303961623866303961333361393337633734306262633365303637343665643738363261376462
65653037373866356638663066353063343835643830616361643839396331326566613238313363
35646130663734326465616237356266643166323162366638363532663432376466343161616431
62316462613731396564613861393132383430303862626130623234353764663232376262623761
31373738643766333866326638396230646138666136646539323133316233613834346630646464
33343834323463646230613766303663313239393439626634663765353330643364323765353132
62666136306131623232343133383530363932376139643336643065363062333338633262656334
65333864623463383732393835336566613463613565366666313937383766623961333865356564
32313861373165656133353839633437663838356263396365333337373437333837383665363336
38623062393430656433666563383238326665656634616530373166306239643363623066633732
38623832306434393861386139363338663661306138336162386231343463616363383535623232
66613934643766336635613463623363373730653666326565643032336635386538323032646164
66636465616361323964303738383762623335646331323165303037313833366331613835343438
31636635326364363734316435326634313833663666613331626438383561636265636430306334
30336532356437643735303762373062336132626362373235323065633534633465323230633166
61376566333864646134626164396236323863323030393766343963623432336432333137623631
35353835306533383934363563623861613630396533336166643362316432383330346534376663
36353664333364653364393931353666316364666364393464356665343431376535393934326630
35386261373561643663393030373165653531303361653261316564643732356665326161356463
30616436643564326361356662656533626261333131383965393332303265616435623662346530
33663064313635643863343238653131396333336534656639616665633432356636623462633931
37376663653361396635366437396332313565306361326632333532633661646561373264626466
35343263376164393332373738343037613333623330313864353035333735323831626531653366
34346336343231303166636161643037333739373062663164663639383066306564306638626332
38313737333834366638653533393165313139663937623461663435616232623263376661383330
65363730393865656335663162626433326131386132323039346236316338393331623134623365
39393335653532656537383137346137613036643837363366633332316636336531386232373637
30393735383962656139333930333066623735386436326437396661333536626230333631383331
31356662646332313231663466326638626537316438626164323563313532636632613939623235
66633330616533343761633834356165343838656337653963636430366131363833356237306235
37363039373437356362626139633039663035346566646235366535333435663566666133396633
37383366333233356234383439356133336131663262383761306235373731373662383035653235
36646665366162343565383139393736303938306663636261366464653930343237663730613931
62626137323965653833653235373061653531646632353039326638373862316431653463653135
62663235343162363532393139393261386461306236343532383935363363393864343138336137
37643930636162323562333630323839353935373836313365653438383861346366306239646332
66346162663932343266656532306530336562633962386266643666346631326439376561666465
37303130306230373238386632353261383630643735613364386338626430626238333966666236
38613637363564633332663161326165653738636535306265393530333631356430316234666130
32396137343234323162313233646434623233643639353631376462363938393362303138363562
61663564666630643863363136336434336130323766386663626635363037663832393365373036
39386134666433353330323435356261663465666636653865616161343465343839373031336637
39396163643839313332363936303162373932656633613035383233343238336439343162656135
63363636636333346136646364333432333937366365383838646136613465303930373336323262
30336664316538333761363731613363653761353233303063666465393839626165303061343935
33623466653133333232353463626130343166333139623530626635313764383966386163383834
61393261363331393166323137653437373162346365363732623362626236353666393961613135
33356238363661313435326234316265613734326362326139636535336365303932653866383835
65323738336138313437383637636265386163353735376331633638396636623633633732393766
63643961633430666632303836653438646366623031633630396434386566643561316132656461
35616432323265323562616261343838626135346464623263383032373139613935326230303139
64343834663065323166376562653931366632346166336164306335633563633565336461333466
65316136336266663736623461366333323636303430396164636333376561353366303833633665
37666564386361313161393535303133303630653664376136623564363962343365343866333936
37323762303639636338643264646534333732663139383430326534323964336434343534323161
34343963623631303837333436633232346135663363303039353436636662363734366436663635
30303532313030313065636334356236613539363830323932633264383231613830646438646565
33366464343938313761313437363866666433623632303638656665323036303961363933656561
62343966636165393632613234653165636466643465393632383263643263316263306639336533
61623336623261643361353237656237643632326637666432353832396461656436316230396631
38396130363633653966323566363662653235636565653632323133316661303265383762626564
65383739346535666233303462643733623230346361646235366434336238313164326435653835
66356466653164393065616266366563303635616632616539633864393130653138656139396634
65663734306565656530333463313936316638653438373863666261313838396162666166333136
63346433643336376439396633303264376438383634653839363566623064363334656239376562
63353639663965356662323232663065626139396139363835323662303738656630323462393232
65656261656433626432303235306365396431356630626361663264346230303762363865366138
62396632666338313932333631373733646535336430303339623732613336633363643033636264
33653866613465316538616661666430623335666534653833663932306531336537343566353463
61626638313061376538353630306236346363343465393937343139643435616437633132313430
39356430636233626536623732393235633239313935326664323930663037613939623066616638
64656639646332613739633537363035633434653830303162313031666138663431633362316530
33343531623239313366653236663034616637666262646138303235653531666135316138336466
3339623233396163373837396263633330646230393030336138
