$ANSIBLE_VAULT;1.1;AES256
38623964316663333761343165636463363235653738653965336530373762373337346165643763
3934333761333363663966376537386662353038333632360a616365333663376662323537656330
65383638373263623136316266666463643731386439343465373236336562343836383762613166
3364333265336531620a666639333965356334373965643562646561646636323863623130343438
30373964366635656665303933626339373834326536383464376233326137666438376139666539
30343665343733626664643139353966623038333662663336323538353031663264613836616136
38346131306361363262323664373665613336393838343165633235396335333933636633333333
63613831383766333735353163623939653331663463323762326637653463316636343065633762
39306139326139356532356662393436303238336332636535313032666565306330616262343233
65356133616664643164626432303538346266623063313630343265336230396666366533376432
34333630333830376337613137646131316534366665663937303439386530383130333031643433
36666430663339633265356338656163616231623464643231353930623261306330326636303365
32386436626131633565353031353666386435396463646565356134366466626138656163613531
66666665363938303166646130666530356334343333666630656639663833373639663863613063
61336536313166323433333832373439633036306363646535653461353939303138613763373634
36343136623639613466383836306538613831306335326364643563666563663866633533336636
35643764383639386137333134353766613433306639363831373136646334643231366631663333
35396134616365356338643337393831626634343436393566643166636438346532323163386239
33303831343237313031633732353138306337313765393638343632346233386666633863346230
65393665393439336631326262343735396565363236323062366430363839336133666333323230
65396234343537663134333364616234313866303664646232326139626439646639363364373432
33373231306461663332646435353039363234396131356564623738643237393937393734343663
33366261326334386231386365646237623738316431343834386337333139383030636562656539
62353133376537333434333538663938653363353237373435363261363633303730313736376161
33666335306264623964636330613433356637386431323233326435636533623939623234363132
61646538656534613030643038363566353536366131383836663933646132653362383363373438
31383038653732323530346461666362663765353331383562633364656563666438386164376363
61353731343737356630636663313563316239393033326661323537343036323965646434613131
63336364636539626566646630353064666238666336666534643761656531326138353733393834
63633433363763643663666165663939663662373230346536653966306137666333343736663764
38633737313730303336616465636534303237626361663932613665663335343131653763376662
64646262303139366531396661356535313834333432356431346331383064316631643234646164
30353661326332333961326239353835353031383763363631363032383133376162366663616430
65313638313565356135333234323132643763313566636633633033643939366238316238326363
37626332343237316130323537663432346566663262333561616364333739356230383938333633
35303361333465336565333264363432613065383562333361323435313365383635346337386564
33353631326662313734333761666238393530633732366462356463396332353634653833353531
36663036363361323737366433316232376661663766636135613437353133353866343036666238
30343535333963343864646465373739633637643639326461366464646361383161366664356264
39303139643934633963353562616532393566653562663334343136623161653835306535333037
39633165343064633364323633306234333362623433656334396430393061316430316331656161
61653730386563363066626663313063373830316535373033333932373532616539343661633738
34656136376566343235633135333066313934613266626332353564646363373239353265346134
32383963316565336538386331663330383034333939343363343536386236663463663964613862
64363566643161653564663632323466326461643538383733633339363134656630643533636161
35396634373836306538396566356461333134653036663035613936613932353362616432653036
65383432356231613063303834313562623433333562313435326430386262343165633264356230
30313530376438633931383437646563653439333531353335363233613436376264343062303536
63306365643337636563306336306635656566623035316363313432323564383963326437386530
63323934323965663262343636636566616561613332373465333666656464613332656638383965
38653135353735346233383435303635373931303163333539396638653737363939393566626331
37646364626238373633613932303062386265636432316237373037393933363430393031396161
34633233663365613836356562346362313863653134643862396661656233623830613037333737
64306561343531663761386636313630636234626164326464306232393239396165383366623136
30366130343164363231656436313065353962336166656561663839363466613334356565376133
35303638343237376432653130313261316263663130623836636239356661343266373238653762
62336132333730323831353334326665636266323865613438316461353032633835363561333633
63393738396663646232383939613031353161623837356332613936323238666234303461303336
64303664616661323865393139356365623830313333663033613436383235386637313762646663
38353464663732336464663966336462333834343866616636633431383864346135383634383039
33356562346238633937623538363732613362303934363032613338663537373232306530666235
39376238373639363464633635353535313136666334323965336633643137653737396165633166
62636635373939383863313130323133396462303634343365313633396431336633393961633733
38376431326134636634663034363861383535336264656532353034623136643530333337346435
65616438616632353864366637313663616163643139616534636230343065326336663137643631
64643531333362633164346566306435383236346334363336393031666335616639343932666339
66316536656336353938636461346534643833363736336233386335333965313365373130343137
32376438663931663339383366373830313634343161616661303661326136393831633861386336
38346135313430343166346563383833633765376231326664393366383861373166373731396131
66333138323833336438333730633163616264343232366166353064646665353332343165306338
64346333376337326237353733343363626166363336623362326662633765393937323232393030
32633866626534343164383133633739356630646533393136623561313632643363623739636539
64383431613436663662353630646237616136373962666661313465306632666238363638646530
64616537386461366130306436653232616462356635383732336530323431663161326538653431
37653264323765336139653262616361616138643761616265353839336438363239633238376161
61383761656462613661636231633438666562316335636432623730353061633863653937376532
61626561313037373763313732613237373363323066343131663165623538353538346237343066
62356263616137396635623833353732306232646564323064373963663333373733306133396664
65626431373731643834656562333133323531386231623437336235623738633639386362373733
31393532313730393333383030323734346261613761363234336665336339646561363162386165
37383636383732356339323631303332373933616335333839353461323662626263396164343933
66333966353930326139653965646464643562626337303965616163303533353331306132366137
39313634623263643666326163393934613764323137663161303333366136613933376464633564
38316139346637303630333064303330303038393637343062643461616664653631353564346466
63306164373562353532656463383839393532643732336136303863396430383664666464633337
34326466336534306662323139376639333761663435663566643038633364663734393032376466
39363430323265643734383235626266353939386232623733313234663731613361313866373563
39613335386635353762396239373261666465616133366131303737396632633437656637323566
64386638356566373331356532386435373531616338376563623662643435303239366432666264
31373033333934356666616138323238386336346362353332653339323432353535303864376561
63646564376265626634623532366333353132646661633061353638396539636432333666383432
63393133353836313536396231333661366236333732616430373365636438363833643134333632
34646661363733346164623662353038346131663237393233336163646139663538336231373863
30616166313063333639333664643230643933656134353664653130376337623036336533303934
34313563363830663230663161663331383866623061343732336436613532313032326330356530
61646338636463396533356261356136373431633066333635393864353864366263336432386535
65623061303839633661346665323534323234393237363736366562646563373664396134343537
31633132346466386263306665663931316461643232653032303335646361653534666630623165
39323137316431656266633062663733323636623137303264376335313437633033663038373736
36363130373330613064306663373034356439393665616638343065656366306134623639356235
63323132313133643433396133356566633663333364373036353231393938666431343466326530
38643865323961333965333961633866353034373530626435363735316564643936643231323964
39326664643939346430313333383237653462346164346339313930306566616438643335643862
36643430373366366436303230353330303066393039663661336462636466353662663030666135
66383733343637666363383162323333616664316637356663643362353137613062636337306633
63373463663738323866653032666238386238616365653937323336393764633037376330663664
65623230363364366638326362333237623236663935643530636132613236666538633834333233
63643563636637313633633834323563323161323066363937313839376461303663616262653433
32393266316661353733376564336337626334383131313832333162653939333334623938323531
37326535353235373366396263306465366466353034373263643931633434373431353464333263
32336437306464303432323931316239336432353537393662613135646239373737663837656338
66313762663631376335346262623835346566346436366232666164613731616132346239616263
66663434346665636232633064323461346534313266366664323034656364363764363135646132
32366131343065653032386364343966386134616166313264306436326634363437356236333831
33336330356239373038363862323862643963666630303936623738323135323462666432663630
64363632346666363032343032666131326337386665386664646436363734646337633230626364
33353330396637613430396262373239303136303531383963306635383461353531363132656132
64313533333436366533343437616464616636663232363531613430393862353737343262353165
31386435623565353133636136646138666564653435656463633463386533393266656331666637
66376531333663396132343933363966316536633536323437643435396530333938313961303235
64376363646430626132656639303166653662353635306362333934633435666635616265386131
39666331363136663638383037613933353732393032303366343363313335346237393633396433
30613736313637396133616337343465353330306462376337626266393934616132383439356431
33663139356237323464333136623964653638623933343833373339333032626335303263316537
64383838303562623532326237643533343162396633383434646532656265313537626133303266
62353266666530646539656334373037383032313761623132386230363436346163336236343332
36363966653266343932313630323537633731636633356463623938383161636261393132373435
38313235326438313266326536616261373536616135346666656232303164666238336431353437
38663236373261616230306631616133623265376164313734363837393833363539396634313935
37326365666664326134666538653062343638326536363835383163313637653430316663636537
63663034373137376137613962333535643630663338366538623639373034363938633737303239
34383438326263323131356537303434633835376665633236663562666231623130636334643636
37313162313935336331623665653735366435383936373630616131343462353631326666313038
36333066363831633961366463333761656635656262633365613434363365386564373531343834
66323535613031336435616464653335333630333266333838653738666339373131346638326133
61643761373038303165613539666666626538653939646534646365356537643563323937306530
33313431343738363162346334346631636666306636633731653665633736316339336462313837
34653264303138366631626661376437383963306130363539643130333338613532663030666665
30326336613739303330386232613337353063656166393763646162366562393531646265376366
32616266643066306436333966616462393334393530333465626139653937313739636135313237
36643164323864363661363633386263623430333334383037656561363033353161316264303963
35383564643062306532396163623063626139366239306532333637343936663065323136386136
61653732313636333330326139366166323864373835626234653734343034613663333365346638
38356335626130623539343531386435333333653030333631353634386634623161643137623136
64373532336538616536383265636564393832343934353932316539303239356462633139346335
65313634643030636463396239623536646130383731643534316437363661306236326666346637
64633166323261633033626239656236373834653131663264643834306638396165336564383763
33356439356336316364323563666231383839643339643537656333663938626437653433636538
32393234326364323431623730393365316631383639336563373639393235636237396364626662
32613434356536333837663333393637363839306136396130383130333037373237353466333434
63376463646234356538646432353336313830653732303463313964353465323037663361363130
33623764353537333365353132356637663561373136363036393533656561376564386461383031
35343038353930653731616366633462623166626363623965333335343937646438363961626334
37666164626633643031343730356235313431636565666437613331313965373132643263363534
39353762373163613262306238393062386662353237373137633231383736613335333937363137
62386134313235366230626437393262626239623830663537346638326133343639363364373736
61653966653536653934343131373937646662353137663436613438666430383133633937346433
63353163356465663161363863363334386538643634393539633130386266656565633136653861
64643133666534343663646536666665343338383537636434643566663966373165623636323836
34343137326131643735383332356233373932313365373664616564396661396633366365653731
32333762343633333465303466303636393430363662316634366637616261643137376337326261
30366364393934653537386135356662633133663365373263313864613630313236313765336531
31633230313666343030623563326236633764346638643338346334636337306334356332356130
31666238356538376431356336363630393261653964353836316532663636386261323665323461
38363261623831323435383161386339313665383563333830343632383338653431386662326662
61393131333134396135613230373830636439326330336165336433356535386534636235666538
34656130393336393232656662613866333731353230613830336131356238333736616261626232
34616539616164653835363861353538343632623064666631346364343637653931653037313236
39373265616133663365626365373062633261366466663365356339666335356465393833353032
61333930663265356435663036633732356433366562363731373433393761613835356335323666
63323366643865376164323739316339383931316538393135363335386462386435643134616264
32633031633661616134323061623864656239353437323838326134376166653339383265633331
34653064663738393536613765373235323665363634663062386337356338363864
