$ANSIBLE_VAULT;1.1;AES256
63653538343462313938666263363832393562663563663739653063633935616264303134623430
6437643063376436336337373637623333633064353037330a343961356634633664633934613162
36333262313661336431363863623466386161313736386262303266306463663635616133303263
3362363764333836330a396361623831303939396261343865333339653265336432643231353265
35643031333236323738303836393233373763626661643635313938376566353332633638383031
39373034623362656334636339353036393064316139336434336366356231393537336238303662
65633836383632303163336438646433663636383364326432373830643536353863353262303737
31396362343235386634623034346634636332363163336562303333343362336530373762333165
65626538313535303563353062646665643961613032656132326339336133626132626161353665
31626365623763636231363431383339346461363433373936343137656364623232623333313631
66656639353231323337623936393564636463656332333137623365623130326435316661633130
64623965616661353731646131343362303733303466393737643665313466616139353361386533
63376539386433303631346332306337363139336132666439363564396134623132656233393138
32633437346262616264643730313564316430366163336536626330316331663832656539373236
34646330613661643261323235643639653766643233623434343634333239353862396635656534
61373162353738396530626230376339613430336662336230313830366435643038663361303163
63666461633530303132636361633664306137643764333237313830636264623764623766366133
35383835346161653361363031373262616465363039336165616138313632393730656539623138
35386663333938363861656536323661643065343662653463386430303836346330646364343034
39646561363466393263343836366537363930643764353936363064663365323133306564633862
38373565306535626339323835313262653739653730613535656564653061656230366333386131
66376665666432666162646366663238383536623461376632363731323362636566623635636537
30333763663936373762343537393335323030636539323337633839343037366363326463363566
66393235643938656462626636343339313130636662633065313932366238303965356332396536
66633538336465633437633533383564636132656161353565623765303336633531363637316364
37663163613564363138306631646235626666346332323235356561383836383466653862393630
36303037363434376139393137336139313565653831613737613665643463666133353732393663
65366630323864383039313636653338646364343363653862623964376462373366613661383865
38316361346466353664643764646464613631653437326461613136303435346634353461303138
35646163373935353538643063663732306433636137333932306239653662636333306262306164
37383438643031626439316362373064643731616263653132646337386364373866666130663932
35626263366362646634363634636530386463316263666634356237616339323637333065393333
62363334316331396164333664393964373231346536373664633538626232663630633538366639
61613564393037643234323865323636363237653437363064306534663531376234366530616462
65646466353138366430356532373165386533653536376433646232353766373133646565393136
38353231623338623131363564323430636165666435336238653531356637303234333335353663
30643066306636393238366432623536636634383139343066643735343839366331303761346639
34343662386662666261353164336333666632623135616435373237666336633931333764396264
39313165653531666233343966383239646238326263313661646435303633613637396662396566
34373162373464303838613637326335343463336630376163396530323335393131303864313265
32303439353238636465613733353964386262363261346362616265323732633661366261356537
39643562333264646162383561626134303036393830353462386561356661316235303930306433
39346438613033656434613732643234653339366637376239346439396565633138663837616562
38326463313065326133643566663638313765306435303361306435336431666166376333616164
35643263313563663164363264393539313963643566633331663433356265333663656634333934
32373030323335343631353833316631353362363861343033643765363861363662636132303732
31356337326531633639666564303065623164633366323764623031336632623462633235303837
39376233353833613036376236353963333936396136626337323332333131386365326333346662
62353364353234653332383966376438363333316630386263643339633864656233623937643836
66353434653931616631303430396530333630313339393336303365646263623966646563643064
63323438323936366432383337313662656536633531326566303331656132333431643033346632
34363034373231386535663339613565616366633531356236333762373236656136623665363165
65333034616237396364356531316438346332653766383737353437353634386339363265343539
31303163613766366563306666343338383238343762353636303032353538383834316437386232
31313937303737666133646336376665346338666136363461376539386564623562366561653766
63663530656163383562646534343833396266326264383462343166323464623630653263393661
32303434316637636661366539363863353239646261363134613234633737336464363133386461
64626166383534633032666638373934333339393532613137373537373365346363383839663835
32366561326631323137323234653636393633303266623964636337396436616561326635393063
39346436373135313537393939376230663730623961383732623665616430613761656666646361
61626365386566666132633837363461386336653436613463323633666336303234383063356539
37663032313137343531343437313131666462636565343963393435623232626433313132643931
30366461643535313838643265303637626436663638303762656333643135666434383662636664
36653735623163616237636365393035376263316462623537633931313637326436643938633364
30376665663038663433306332643265636339663961363661336531363735356637633261643062
62383634326163316331366365623236313661623063633238323332653765656665363064613433
61393739373763396536376237383761333161653336353966616265393837666261393463353234
37393635633265373661326262333133393637336632323436646364613733633163306131356435
62353337316535363438633139646462633861333965383061353135373862323833323164363233
61636432623564633264316364343131343036376336383633623138316135386265326234623637
33393535663436616331643938623031333031393862346630663763313065643330643661316166
64643664633564643839323965663530363038616430663464333466663532383961656634313738
64623530626630656565323863646566663231356432633539346132343562656136613464633265
66333738333330653864313737303236376234343037336461336437366438313930636537326230
35336231643332323063383763623933643336343537316361646639343836336233303934336565
31303864303735343539346331363663383239326239323764363435653633656161343230366265
64356231373538346663656665336432613731393137346666373962613233663235343536633663
65613534623936306333656564623961393532386434303263333865336537333662356134633730
34656138336561616535306466383138323265353336366135333637396264386162313138356232
37386338343762653032306639333739333761363163323939636238353830613036636237343939
62346131626533336139653064353966326435396465326665646333303631363430626663666234
63306261313734336362616637343731626366633635623130393836653932616332376661343836
31303563373330313966353662363864316630323663613665306365326563633831306532373335
31653864356161646632383131313761323063316162303131623030613966666661633434303137
62623230376639396139653436663133623239353763313830346564323664376561326463343133
33633234633737356662323432306232376263613161346536363366623236646337316236383531
31343931313263366537386336393430643437326433643233633838386361383136623137336530
35613134323963643565623738343362323530613331613738666530366633343666373965313633
38366631343364643464316434363862616364383231653238303263353466393838643334376238
63303531613239376631336661386661323236646632396334356662393333613738353263376635
64386533616539623339623533633038303330363063393033616666616536616631306339656535
35306564353361356666623762626639663161383866386230643639326165636632656236643839
38376438333734616366343536656466643261306134333737323365663339386631653562656265
34323135636663393238323630303231366364656139633335633862336336646634613434376232
34313339333534393166343363666331643533366637383364393464373466653238323737346265
31643263393330316339306233386265323131343662396166626130336333353430633865663332
30303332376337393139636534363163316663626131356237303338636535666538333431663037
65383833343635653837366362326138383835613366633861373231316235303439353165343636
36333262653065666365326432383432383838326564316639316362646162363537616632623266
63336664643062346264306235663366353937373135646433663937623437383937633862656235
39323062383235616562383635653333323137666161663163383130386438393161313933386530
33643030393839333437656538636637373735363362333838633239633063653031633537306563
62656266396134373237613461393736353032396635316364323537313662393734353864653030
31643335303238653737376263373032623531363532633566393164373038316539633165633634
34353563373663346566613735366536393162333639653662353364656234663130646333356132
36333665613234643238326431333532336261613737666331353230346234363636663665623565
63626536623538643261326234373135653161646432396333653836663835373738343562623361
33643936656331643962353638633461383639313366333461646566633131653432393831326662
33393832386631663434323861393461303039383561336133353765343064666230
